Essai;Temps_frame;Temps_sequence;Pixel_par_seconde
0;0.000000;0.000000;inf
1;0.000000;0.000000;inf
2;0.078518;15.625000;978124800.000000
3;0.078518;15.625000;978124800.000000
4;0.157035;31.250000;489062400.000000
5;0.000000;0.000000;inf
6;0.000000;0.000000;inf
7;0.157035;31.250000;489062400.000000
8;0.000000;0.000000;inf
9;0.078518;15.625000;978124800.000000
10;0.000000;0.000000;inf
11;0.000000;0.000000;inf
12;0.000000;0.000000;inf
13;0.078518;15.625000;978124800.000000
14;0.000000;0.000000;inf
15;0.000000;0.000000;inf
16;0.000000;0.000000;inf
17;0.000000;0.000000;inf
18;0.000000;0.000000;inf
19;0.000000;0.000000;inf
20;0.000000;0.000000;inf
21;0.000000;0.000000;inf
22;0.000000;0.000000;inf
23;0.000000;0.000000;inf
24;0.157035;31.250000;489062400.000000
25;0.078518;15.625000;978124800.000000
26;0.078518;15.625000;978124800.000000
27;0.000000;0.000000;inf
28;0.078518;15.625000;978124800.000000
29;0.000000;0.000000;inf
30;0.000000;0.000000;inf
31;0.000000;0.000000;inf
32;0.000000;0.000000;inf
33;0.157035;31.250000;489062400.000000
34;0.000000;0.000000;inf
35;0.000000;0.000000;inf
36;0.000000;0.000000;inf
37;0.235553;46.875000;326041600.000000
38;0.078518;15.625000;978124800.000000
39;0.235553;46.875000;326041600.000000
40;0.000000;0.000000;inf
41;0.000000;0.000000;inf
42;0.000000;0.000000;inf
43;0.000000;0.000000;inf
44;0.000000;0.000000;inf
45;0.078518;15.625000;978124800.000000
46;0.000000;0.000000;inf
47;0.078518;15.625000;978124800.000000
48;0.078518;15.625000;978124800.000000
49;0.000000;0.000000;inf
50;0.000000;0.000000;inf
51;0.000000;0.000000;inf
52;0.000000;0.000000;inf
53;0.078518;15.625000;978124800.000000
54;0.157035;31.250000;489062400.000000
55;0.000000;0.000000;inf
56;0.000000;0.000000;inf
57;0.000000;0.000000;inf
58;0.078518;15.625000;978124800.000000
59;0.078518;15.625000;978124800.000000
60;0.078518;15.625000;978124800.000000
61;0.000000;0.000000;inf
62;0.000000;0.000000;inf
63;0.078518;15.625000;978124800.000000
64;0.000000;0.000000;inf
65;0.078518;15.625000;978124800.000000
66;0.000000;0.000000;inf
67;0.000000;0.000000;inf
68;0.000000;0.000000;inf
69;0.078518;15.625000;978124800.000000
70;0.000000;0.000000;inf
71;0.000000;0.000000;inf
72;0.157035;31.250000;489062400.000000
73;0.000000;0.000000;inf
74;0.000000;0.000000;inf
75;0.000000;0.000000;inf
76;0.000000;0.000000;inf
77;0.157035;31.250000;489062400.000000
78;0.000000;0.000000;inf
79;0.000000;0.000000;inf
80;0.000000;0.000000;inf
81;0.000000;0.000000;inf
82;0.078518;15.625000;978124800.000000
83;0.000000;0.000000;inf
84;0.000000;0.000000;inf
85;0.000000;0.000000;inf
86;0.078518;15.625000;978124800.000000
87;0.000000;0.000000;inf
88;0.000000;0.000000;inf
89;0.000000;0.000000;inf
90;0.000000;0.000000;inf
91;0.078518;15.625000;978124800.000000
92;0.000000;0.000000;inf
93;0.000000;0.000000;inf
94;0.000000;0.000000;inf
95;0.078518;15.625000;978124800.000000
96;0.078518;15.625000;978124800.000000
97;0.078518;15.625000;978124800.000000
98;0.078518;15.625000;978124800.000000
99;0.000000;0.000000;inf
100;0.078518;15.625000;978124800.000000
101;0.000000;0.000000;inf
102;0.000000;0.000000;inf
103;0.000000;0.000000;inf
104;0.078518;15.625000;978124800.000000
105;0.000000;0.000000;inf
106;0.000000;0.000000;inf
107;0.078518;15.625000;978124800.000000
108;0.000000;0.000000;inf
109;0.000000;0.000000;inf
110;0.000000;0.000000;inf
111;0.000000;0.000000;inf
112;0.000000;0.000000;inf
113;0.000000;0.000000;inf
114;0.078518;15.625000;978124800.000000
115;0.000000;0.000000;inf
116;0.157035;31.250000;489062400.000000
117;0.078518;15.625000;978124800.000000
118;0.078518;15.625000;978124800.000000
119;0.000000;0.000000;inf
120;0.235553;46.875000;326041600.000000
121;0.078518;15.625000;978124800.000000
122;0.078518;15.625000;978124800.000000
123;0.000000;0.000000;inf
124;0.000000;0.000000;inf
125;0.157035;31.250000;489062400.000000
126;0.157035;31.250000;489062400.000000
127;0.078518;15.625000;978124800.000000
128;0.000000;0.000000;inf
129;0.000000;0.000000;inf
130;0.078518;15.625000;978124800.000000
131;0.000000;0.000000;inf
132;0.078518;15.625000;978124800.000000
133;0.000000;0.000000;inf
134;0.000000;0.000000;inf
135;0.000000;0.000000;inf
136;0.000000;0.000000;inf
137;0.000000;0.000000;inf
138;0.000000;0.000000;inf
139;0.078518;15.625000;978124800.000000
140;0.078518;15.625000;978124800.000000
141;0.000000;0.000000;inf
142;0.078518;15.625000;978124800.000000
143;0.078518;15.625000;978124800.000000
144;0.078518;15.625000;978124800.000000
145;0.078518;15.625000;978124800.000000
146;0.000000;0.000000;inf
147;0.000000;0.000000;inf
148;0.000000;0.000000;inf
149;0.000000;0.000000;inf
150;0.078518;15.625000;978124800.000000
151;0.000000;0.000000;inf
152;0.078518;15.625000;978124800.000000
153;0.000000;0.000000;inf
154;0.078518;15.625000;978124800.000000
155;0.000000;0.000000;inf
156;0.078518;15.625000;978124800.000000
157;0.000000;0.000000;inf
158;0.000000;0.000000;inf
159;0.000000;0.000000;inf
160;0.000000;0.000000;inf
161;0.078518;15.625000;978124800.000000
162;0.000000;0.000000;inf
163;0.078518;15.625000;978124800.000000
164;0.000000;0.000000;inf
165;0.000000;0.000000;inf
166;0.000000;0.000000;inf
167;0.157035;31.250000;489062400.000000
168;0.000000;0.000000;inf
169;0.000000;0.000000;inf
170;0.000000;0.000000;inf
171;0.000000;0.000000;inf
172;0.000000;0.000000;inf
173;0.000000;0.000000;inf
174;0.000000;0.000000;inf
175;0.078518;15.625000;978124800.000000
176;0.078518;15.625000;978124800.000000
177;0.078518;15.625000;978124800.000000
178;0.078518;15.625000;978124800.000000
179;0.078518;15.625000;978124800.000000
180;0.000000;0.000000;inf
181;0.000000;0.000000;inf
182;0.000000;0.000000;inf
183;0.000000;0.000000;inf
184;0.000000;0.000000;inf
185;0.000000;0.000000;inf
186;0.000000;0.000000;inf
187;0.078518;15.625000;978124800.000000
188;0.078518;15.625000;978124800.000000
189;0.000000;0.000000;inf
190;0.078518;15.625000;978124800.000000
191;0.078518;15.625000;978124800.000000
192;0.000000;0.000000;inf
193;0.000000;0.000000;inf
194;0.157035;31.250000;489062400.000000
195;0.000000;0.000000;inf
196;0.078518;15.625000;978124800.000000
197;0.078518;15.625000;978124800.000000
198;0.000000;0.000000;inf
199;0.157035;31.250000;489062400.000000
200;0.000000;0.000000;inf
201;0.078518;15.625000;978124800.000000
202;0.000000;0.000000;inf
203;0.000000;0.000000;inf
204;0.000000;0.000000;inf
205;0.000000;0.000000;inf
206;0.078518;15.625000;978124800.000000
207;0.000000;0.000000;inf
208;0.000000;0.000000;inf
209;0.000000;0.000000;inf
210;0.000000;0.000000;inf
211;0.000000;0.000000;inf
212;0.000000;0.000000;inf
213;0.078518;15.625000;978124800.000000
214;0.000000;0.000000;inf
215;0.078518;15.625000;978124800.000000
216;0.000000;0.000000;inf
217;0.078518;15.625000;978124800.000000
218;0.000000;0.000000;inf
219;0.000000;0.000000;inf
220;0.000000;0.000000;inf
221;0.000000;0.000000;inf
222;0.000000;0.000000;inf
223;0.000000;0.000000;inf
224;0.000000;0.000000;inf
225;0.000000;0.000000;inf
226;0.000000;0.000000;inf
227;0.157035;31.250000;489062400.000000
228;0.078518;15.625000;978124800.000000
229;0.078518;15.625000;978124800.000000
230;0.000000;0.000000;inf
231;0.000000;0.000000;inf
232;0.000000;0.000000;inf
233;0.078518;15.625000;978124800.000000
234;0.078518;15.625000;978124800.000000
235;0.157035;31.250000;489062400.000000
236;0.000000;0.000000;inf
237;0.000000;0.000000;inf
238;0.000000;0.000000;inf
239;0.000000;0.000000;inf
240;0.000000;0.000000;inf
241;0.000000;0.000000;inf
242;0.000000;0.000000;inf
243;0.000000;0.000000;inf
244;0.078518;15.625000;978124800.000000
245;0.000000;0.000000;inf
246;0.000000;0.000000;inf
247;0.000000;0.000000;inf
248;0.000000;0.000000;inf
249;0.157035;31.250000;489062400.000000
250;0.000000;0.000000;inf
251;0.078518;15.625000;978124800.000000
252;0.000000;0.000000;inf
253;0.000000;0.000000;inf
254;0.000000;0.000000;inf
255;0.000000;0.000000;inf
256;0.000000;0.000000;inf
257;0.000000;0.000000;inf
258;0.078518;15.625000;978124800.000000
259;0.235553;46.875000;326041600.000000
260;0.000000;0.000000;inf
261;0.078518;15.625000;978124800.000000
262;0.000000;0.000000;inf
263;0.000000;0.000000;inf
264;0.000000;0.000000;inf
265;0.000000;0.000000;inf
266;0.000000;0.000000;inf
267;0.078518;15.625000;978124800.000000
268;0.000000;0.000000;inf
269;0.078518;15.625000;978124800.000000
270;0.078518;15.625000;978124800.000000
271;0.078518;15.625000;978124800.000000
272;0.157035;31.250000;489062400.000000
273;0.157035;31.250000;489062400.000000
274;0.078518;15.625000;978124800.000000
275;0.000000;0.000000;inf
276;0.078518;15.625000;978124800.000000
277;0.078518;15.625000;978124800.000000
278;0.078518;15.625000;978124800.000000
279;0.000000;0.000000;inf
280;0.000000;0.000000;inf
281;0.078518;15.625000;978124800.000000
282;0.078518;15.625000;978124800.000000
283;0.000000;0.000000;inf
284;0.000000;0.000000;inf
285;0.000000;0.000000;inf
286;0.078518;15.625000;978124800.000000
287;0.000000;0.000000;inf
288;0.078518;15.625000;978124800.000000
289;0.000000;0.000000;inf
290;0.078518;15.625000;978124800.000000
291;0.078518;15.625000;978124800.000000
292;0.000000;0.000000;inf
293;0.000000;0.000000;inf
294;0.000000;0.000000;inf
295;0.000000;0.000000;inf
296;0.000000;0.000000;inf
297;0.000000;0.000000;inf
298;0.000000;0.000000;inf
299;0.000000;0.000000;inf
